""$PELFID,Bad Elf GPS Pro+,BE-GPS-2300,2.1.50,8.0.0,013356,Bad Elf GPS Pro+*6C"
"$GPGGA,010432.080,,,,,0,0,,,M,,M,,*44"
"$GNGSA,A,1,,,,,,,,,,,,,,,*00"
"$GNGSA,A,1,,,,,,,,,,,,,,,*00"
"$GPGSV,4,1,13,07,64,036,31,30,52,327,,28,50,261,17,09,47,171,*7F"
"$GPGSV,4,2,13,08,40,055,25,11,29,120,22,23,19,157,23,27,13,039,*78"
"$GPGSV,4,3,13,17,11,195,25,05,10,289,29,18,10,105,,13,05,322,*74"
"$GPGSV,4,4,13,01,05,131,*4C"
"$GLGSV,3,1,09,76,47,001,,66,44,258,38,86,37,119,29,75,27,055,27*63"
"$GLGSV,3,2,09,85,27,051,18,67,23,318,26,77,19,293,,65,15,194,32*6C"
"$GLGSV,3,3,09,87,06,169,28*51"
"$GPRMC,010432.080,V,,,,,5.49,115.29,090119,,,N*47"
wait 500 ms
"$GPGGA,010433.080,,,,,0,0,,,M,,M,,*45"
"$GNGSA,A,1,,,,,,,,,,,,,,,*00"
"$GNGSA,A,1,,,,,,,,,,,,,,,*00"
"$GPGSV,4,1,13,07,64,036,31,30,52,327,,28,50,261,17,09,47,171,*7F"
"$GPGSV,4,2,13,08,40,055,24,11,29,120,22,23,19,157,23,27,13,039,*79"
"$GPGSV,4,3,13,17,11,195,24,05,10,289,29,18,10,105,,13,05,322,*75"
"$GPGSV,4,4,13,01,05,131,*4C"
"$GLGSV,3,1,09,76,47,001,,66,44,258,38,86,37,119,30,75,27,055,27*6B"
"$GLGSV,3,2,09,85,27,051,17,67,23,318,26,77,19,293,,65,15,194,32*63"
"$GLGSV,3,3,09,87,06,169,28*51"
"$GPRMC,010433.080,V,,,,,4.76,122.24,090119,,,N*42"
wait 500 ms
"$GPGGA,010434.080,,,,,0,0,,,M,,M,,*42"
"$GNGSA,A,1,,,,,,,,,,,,,,,*00"
"$GNGSA,A,1,,,,,,,,,,,,,,,*00"
"$GPGSV,4,1,13,07,64,036,31,30,52,327,,28,50,261,17,09,47,171,*7F"
"$GPGSV,4,2,13,08,40,055,24,11,29,120,22,23,19,157,23,27,13,039,*79"
"$GPGSV,4,3,13,17,11,195,24,05,10,289,29,18,10,105,,13,05,322,*75"
"$GPGSV,4,4,13,01,05,131,*4C"
"$GLGSV,3,1,09,76,47,001,,66,44,258,38,86,37,119,30,75,27,055,28*64"
"$GLGSV,3,2,09,85,27,051,17,67,23,318,25,77,19,293,,65,14,194,32*61"
"$GLGSV,3,3,09,87,06,169,28*51"
"$GPRMC,010434.080,V,,,,,4.72,120.29,090119,,,N*4E"
wait 500 ms
"$GPGGA,010435.080,,,,,0,0,,,M,,M,,*43"
"$GNGSA,A,1,,,,,,,,,,,,,,,*00"
"$GNGSA,A,1,,,,,,,,,,,,,,,*00"
"$GPGSV,4,1,13,07,64,036,31,30,52,327,,28,50,261,17,09,47,171,20*7D"
"$GPGSV,4,2,13,08,40,055,24,11,29,120,22,23,19,157,23,27,13,039,*79"
"$GPGSV,4,3,13,17,11,195,24,05,10,289,29,18,10,105,,13,05,322,*75"
"$GPGSV,4,4,13,01,05,131,*4C"
"$GLGSV,3,1,09,76,47,001,,66,43,257,38,86,37,119,30,75,27,055,28*6C"
"$GLGSV,3,2,09,85,27,051,17,67,23,318,25,77,19,293,,65,14,194,32*61"
"$GLGSV,3,3,09,87,06,169,28*51"
"$GPRMC,010435.080,V,,,,,4.65,121.40,090119,,,N*47"
wait 500 ms
"$GPGGA,010436.080,,,,,0,0,,,M,,M,,*40"
"$GNGSA,A,1,,,,,,,,,,,,,,,*00"
"$GNGSA,A,1,,,,,,,,,,,,,,,*00"
"$GPGSV,4,1,13,07,64,036,31,30,52,327,,28,50,261,17,09,47,171,21*7C"
"$GPGSV,4,2,13,08,40,055,24,11,29,120,22,23,19,157,23,27,13,039,*79"
"$GPGSV,4,3,13,17,11,195,23,05,10,289,29,18,10,105,,13,05,322,*72"
"$GPGSV,4,4,13,01,05,131,*4C"
"$GLGSV,3,1,09,76,47,001,,66,43,257,38,86,37,119,30,75,27,055,28*6C"
"$GLGSV,3,2,09,85,27,051,17,67,23,318,25,77,19,293,,65,14,194,32*61"
"$GLGSV,3,3,09,87,06,169,28*51"
"$GPRMC,010436.080,V,,,,,4.76,121.62,090119,,,N*46"
wait 500 ms
"$GPGGA,010437.080,,,,,0,0,,,M,,M,,*41"
"$GNGSA,A,1,,,,,,,,,,,,,,,*00"
"$GNGSA,A,1,,,,,,,,,,,,,,,*00"
"$GPGSV,4,1,13,07,64,036,31,30,52,327,,28,50,261,17,09,47,171,19*77"
"$GPGSV,4,2,13,08,40,055,24,11,29,120,21,23,19,157,22,27,13,039,*7B"
"$GPGSV,4,3,13,17,11,195,23,05,10,289,29,18,10,105,,13,05,322,*72"
"$GPGSV,4,4,13,01,05,131,*4C"
"$GLGSV,3,1,09,76,47,001,,66,43,257,38,86,37,119,30,75,27,055,28*6C"
"$GLGSV,3,2,09,85,27,051,17,67,23,318,25,77,19,293,,65,14,194,32*61"
"$GLGSV,3,3,09,87,06,169,28*51"
"$GPRMC,010437.080,V,,,,,4.47,123.84,090119,,,N*4F"
wait 500 ms
"$GPGGA,010438.080,,,,,0,0,,,M,,M,,*4E"
"$GNGSA,A,1,,,,,,,,,,,,,,,*00"
"$GNGSA,A,1,,,,,,,,,,,,,,,*00"
"$GPGSV,4,1,13,07,64,036,31,30,52,327,,28,50,261,17,09,47,171,20*7D"
"$GPGSV,4,2,13,08,40,055,24,11,29,120,20,23,19,157,22,27,13,039,*7A"
"$GPGSV,4,3,13,17,11,195,23,05,10,289,28,18,10,105,,13,05,322,*73"
"$GPGSV,4,4,13,01,05,131,*4C"
"$GLGSV,3,1,09,76,47,001,,66,43,257,38,86,37,119,30,75,27,055,28*6C"
"$GLGSV,3,2,09,85,27,051,16,67,23,318,25,77,19,293,,65,14,194,32*60"
"$GLGSV,3,3,09,87,06,169,28*51"
"$GPRMC,010438.080,V,,,,,4.31,119.56,090119,,,N*47"
wait 500 ms
"$GPGGA,010439.080,,,,,0,0,,,M,,M,,*4F"
"$GNGSA,A,1,,,,,,,,,,,,,,,*00"
"$GNGSA,A,1,,,,,,,,,,,,,,,*00"
"$GPGSV,4,1,13,07,64,036,30,30,52,327,,28,50,261,17,09,47,171,20*7C"
"$GPGSV,4,2,13,08,40,055,24,11,29,120,19,23,19,157,22,27,13,039,*70"
"$GPGSV,4,3,13,17,11,195,24,05,10,289,28,18,10,105,,13,05,322,*74"
"$GPGSV,4,4,13,01,05,131,*4C"
"$GLGSV,3,1,09,76,47,001,,66,43,257,38,86,37,119,30,75,27,055,27*63"
"$GLGSV,3,2,09,85,27,051,16,67,23,318,24,77,19,293,,65,14,194,31*62"
"$GLGSV,3,3,09,87,06,169,28*51"
"$GPRMC,010439.080,V,,,,,4.29,116.78,090119,,,N*4C"
wait 500 ms
"$GPGGA,010440.080,,,,,0,0,,,M,,M,,*41"
"$GNGSA,A,1,,,,,,,,,,,,,,,*00"
"$GNGSA,A,1,,,,,,,,,,,,,,,*00"
"$GPGSV,4,1,13,07,64,036,30,30,52,327,,28,50,261,16,09,47,171,20*7D"
"$GPGSV,4,2,13,08,40,055,24,11,29,120,19,23,19,157,21,27,13,039,*73"
"$GPGSV,4,3,13,17,11,195,24,05,10,289,28,18,10,105,,13,05,322,*74"
"$GPGSV,4,4,13,01,05,131,*4C"
"$GLGSV,3,1,09,76,47,001,,66,43,257,38,86,37,119,30,75,27,055,27*63"
"$GLGSV,3,2,09,85,27,051,16,67,23,318,24,77,19,293,,65,14,194,30*63"
"$GLGSV,3,3,09,87,06,169,28*51"
"$GPRMC,010440.080,V,,,,,4.13,112.88,090119,,,N*40"
